36489560
36491231
36512267
36513197
36522567
36523495
36523612
36524048
36524110
36524120
36524181
36524315
36526178
36527829
36528003
36528636
36529920
36530152
36530165
36530202
36533570
36533762
36533966
36533969
36534128
36534144
36534194
36534227
36534407
36534806
36534877
36535100
36535121
36538066
36538589
36538619
36538732
36538735
36539490
36539541
36540375
36542805
36542806
36543212
36543439
36543804
36544713
36545413
36545418
36545605
36545649
36545738
36547031
36549008
36549705
36550208
36550321
36550792
36550903
36550909
36551356
36552124
36552839
36553492
36555234
36555237
36555706
36556042
36556458
36557471
36558095
36558099
36558176
36559324
36559331
36559875
36560568
36560992
36562979
36563007
36564683
36565576
36565871
36565962
36566034
36566035
36566250
36566485
36567250
36568583
36570061
36570692
36571412
36572955
36572985
36575906
36576528
36577717
36577849
36578009
36578059
36578758
36578957
36579677
36579686
36581582
36582249
36583016
36583165
36585316
36586277
36586436
36587172
36587292
36589727
36590324
36591052
36591605
36591625
36591636
36592050
36592081
36592610
36592794
36592809
36592899
36592908
36595380
36595422
36596241
36596245
36596995
36597000
36597125
36597296
36597297
36597303
36598290
36598564
36601475
36602703
36602737
36603134
36603403
36603474
36603476
36603874
36606760
36606767
36607031
36607163
36607489
36607579
36607924
36609622
36609625
36609806
36610574
36611165
36611757
36611870
36611945
36612265
36612298
36613407
36613408
36613859
36614036
36614807
36616058
36616590
36616596
36616760
36616761
36616871
36616872
36617063
36619175
36619996
36620146
36621503
36622229
36622542
36622543
36625050
36626380
36627884
36628537
36630566
36633829
36633830
36635654
36636523
36636528
36636953
36640139
36640155
36640158
36641129
36641633
36642700
36642901
36643916
36644148
36644609
36644712
36644713
36645722
36646372
36646665
36646756
36647197
36647768
36648948
36651263
36651490
36652528
36652534
36652537
36653755
36655611
36657041
36657628
36658712
36658845
36662037
36662912
36663087
36663648
36664031
36664352
36664355
36665587
36668651
36669031
36669258
36669700
36669866
36669898
36670023
36670238
36671419
36671424
36671425
36673156
36673744
36673749
36673864
36673870
36674195
36676829
36676835
36677390
36678080
36678081
36679728
36680236
36680371
36680377
36680411
36680714
36680762
36681584
36681588
36681590
36682268
36684689
36684946
36685678
36685801
36686160
36686843
36686903
36688017
36688926
36691109
36691118
36691158
36691159
36691218
36692275
36695452
36696029
36696820
36697167
36697318
36699532
36700543
36703007
36703016
36704171
36707488
36707572
36708155
36708156
36708159
36708399
36708954
36709362
36709925
36710351
36710436
36710525
36710530
36710929
36712273
36712277
36713721
36713728
36713729
36713732
36714497
36715863
36715866
36716014
36716232
36718281
36718289
36718770
36719377
36720433
36720438
36720821
36720970
36720976
36722625
36723491
36723919
36724222
36724462
36724467
36726332
36726457
36727804
36727805
36728076
36729401
36729836
36730725
36730745
36730837
36731402
36731403
36731405
36732142
36732195
36732947
36735014
36735309
36736285
36736767
36736768
36736858
36736862
36737956
36738267
36738327
36741138
36741147
36741228
36741725
36741824
36741825
36742056
36742060
36742363
36742558
36742741
36742747
36745733
36745895
36746054
36746362
36746363
36746806
36747557
36748984
36749915
36750198
36750208
36751451
36751578
36752006
36752509
36752631
36752924
36753231
36753466
36753742
36753981
36754823
36757144
36757661
36760565
36762389
36763182
36763712
36765904
36765944
36766568
36767453
36767604
36767904
36768076
36768745
36769450
36769693
36769888
36769931
36770951
36771239
36771274
36772380
36773527
36774519
36774523
36776146
36776237
36776262
36778324
36778647
36778791
36779235
36780037
36780225
36780241
36780325
36780599
36780705
36780852
36783445
36785168
36785169
36785172
36785503
36785589
36787458
36788586
36788935
36789004
36789131
36789133
36789562
36789695
36790824
36791078
36791085
36792543
36795058
36795692
36795842
36795852
36797839
36797913
36798040
36798239
36799892
36800201
36800344
36800466
36800755
36800756
36800872
36801361
36802947
36803270
36803275
36804313
36804383
36804386
36804424
36804485
36804586
36805089
36805727
36805730
36805849
36807856
36809516
36811113
36812053
36812071
36812073
36812314
36812563
36812623
36812673
36812953
36815346
36817172
36817175
36817892
36818185
36820370
36825058
36825993
36825995
36826065
36826648
36827235
36827436
36827608
36828355
36829007
36829694
36829701
36830346
36830640
36831323
36831397
36832259
36833655
36834733
36835132
36835891
36836291
36836293
36837026
36837574
36838608
36840418
36841797
36841805
36842210
36842217
36842318
36844897
36845298
36845427
36845641
36845663
36847432
36847433
36847933
36848343
36848631
36849679
36850962
36850964
36851566
36851567
36851760
36851864
36852300
36852525
36856137
36856356
36856890
36858007
36858891
36860193
36860226
36860738
36862145
36862358
36862366
36863185
36863302
36863368
36863369
36865126
36866330
36866500
36866945
36866965
36867501
36867507
36867857
36867902
36868555
36870459
36871168
36871655
36871656
36872294
36873240
36873300
36873393
36875401
36876099
36876584
36877336
36878558
36878904
36879805
36879811
36881161
36882220
36882335
36884950
36886890
36887808
36888571
36889233
36889659
36890288
36891102
36891123
36892601
36892605
36892606
36893836
36894409
36894609
36894749
36894752
36895368
36895545
36895719
36896631
36898461
36898462
36898663
36900496
36900575
36901019
36901024
36901152
36901263
36901265
36901344
36903944
36903949
36905385
36905389
36905506
36905631
36905799
36905800
36906295
36907251
36909340
36909805
36910294
36910627
36910674
36910909
36910990
36911084
36911101
36911271
36911434
36914294
36914519
36914524
36915782
36916653
36917847
36918509
36918510
36918730
36918781
36919147
36919552
36920169
36920257
36920608
36920901
36921032
36921203
36921204
36921245
36923630
36923640
36923643
36923671
36923676
36924968
36924971
36926188
36926391
36928029
36928497
36928623
36929018
36929148
36929366
36929372
36931608
36931811
36932307
36933196
36935247
36936068
36936458
36936471
36938375
36938873
36940182
36940894
36941316
36941678
36941679
36942201
36942493
36942494
36943193
36943194
36945489
36946445
36946447
36946747
36946753
36947387
36947926
36948035
36949914
36949916
36949917
36951391
36952643
36952646
36954164
36954339
36955388
36955392
36956327
36956619
36957670
36958289
36958294
36958736
36958927
36958934
36960389
36961173
36961304
36961309
36962424
36962607
36962956
36962958
36964145
36965061
36965860
36966267
36967769
36967940
36969850
36970267
36971400
36971817
36971819
36971835
36972095
36973696
36973789
36975378
36976355
36976411
36976846
36977249
36978017
36978897
36980262
36981242
36981522
36981523
36981723
36982400
36982644
36982991
36983118
36983267
36983398
36984877
36984881
36984991
36986116
36986310
36986536
36988092
36988098
36988133
36988790
36988812
36990946
36991390
36992431
36992459
36992540
36992548
36992549
36992803
36993569
36993894
36995660
36996684
36997677
36998586
36999083
36999500
36999501
37001023
37001563
37002025
37003481
37003557
37004921
37006326
37006327
37006968
37007932
37007937
37008856
37009280
37009287
37010055
37010387
37010866
37011479
37011482
37013863
37014947
37015592
37015732
37016006
37016290
37016587
37017295
37017601
37018590
37018591
37018904
37019727
37020707
37021368
37023058
37023061
37023259
37023272
37023329
37023640
37025178
37025329
37026380
37027944
37027947
37028418
37028987
37029061
37029703
37029773
37029774
37030473
37030634
37030635
37030636
37032504
37034397
37034399
37034494
37034498
37034574
37035038
37035118
37035119
37035575
37037190
37038104
37038107
37039503
37040211
37040773
37040917
37041450
37041779
37041783
37041786
37042487
37042726
37044331
37046635
37046640
37046862
37047023
37047157
37049002
37049414
37049419
37051494
37053001
37053032
37053039
37053297
37053531
37054625
37054747
37054983
37055223
37055606
37055610
37057843
37058434
37058436
37058607
37058638
37059659
37061021
37062098
37062158
37063336
37064447
37064468
37064470
37064546
37066575
37066611
37068468
37068470
37068539
37069263
37070942
37073069
37074811
37074851
37075024
37075025
37075256
37075326
37075769
37075920
37076685
37076775
37079606
37080272
37080278
37080943
37080956
37084207
37084447
37084542
37084543
37085230
37085231
37085451
37088409
37089505
37089506
37089509
37089901
37089905
37090174
37090224
37090521
37090940
37090942
37093292
37093534
37093540
37094676
37094681
37094958
37094963
37095057
37097237
37097459
37099054
37101765
37101766
37101816
37101819
37101822
37101848
37102016
37102979
37103374
37106251
37106440
37106775
37107864
37107869
37108378
37108517
37108793
37109124
37112907
37113096
37113675
37113876
37114162
37114458
37114461
37117981
37118116
37118246
37118508
37118965
37119698
37119829
37124300
37125180
37125184
37127598
37127602
37130473
37131832
37131976
37131977
37132239
37132267
37132269
37132359
37132622
37132626
37134561
37136471
37138088
37138110
37143511
37145168
37145169
37146799
37147058
37147317
37148696
37150486
37150487
37151116
37151645
37152010
37154828
37155910
37156491
37157200
37157491
37157661
37158390
37158396
37159060
37161289
37161331
37161755
37162168
37162169
37163668
37164989
37164992
37165090
37165355
37167139
37167144
37167230
37167491
37170228
37170278
37171089
37171161
37171165
37171681
37171712
37172781
37174497
37175210
37175835
37176102
37176179
37178705
37179271
37180300
37180302
37180682
37180691
37181413
37181888
37182410
37184748
37185035
37185057
37185122
37186054
37186084
37186861
37187280
37187286
37187640
37189020
37191005
37191132
37191425
37191830
37191831
37192440
37192620
37195653
37196377
37197250
37198730
37198904
37199462
37199563
37201065
37201509
37201511
37201512
37201761
37203045
37203095
37203810
37203814
37205569
37206748
37207751
37207753
37207759
37209160
37210126
37210715
37211182
37211290
37211562
37211678
37212887
37213216
37213889
37213897
37215119
37215834
37216055
37216057
37216059
37216487
37216492
37216629
37217152
37217241
37217437
37218548
37219175
37220892
37220978
37221382
37221385
37221734
37222035
37222893
37223357
37224234
37226355
37226955
37227045
37227046
37227135
37227378
37227381
37227521
37227743
37231890
37232414
37232420
37233843
37234307
37235469
37238049
37238127
37238973
37238975
37239265
37240988
37240992
37241293
37244641
37244749
37244887
37245989
37246011
37246013
37247130
37248075
37248600
37249333
37250497
37251130
37252653
37252767
37252785
37252803
37253199
37253322
37253442
37254469
37255316
37255317
37256449
37256471
37256974
37257215
37257384
37258048
37258277
37261369
37261377
37262706
37262715
37262888
37263263
37265465
37265570
37265591
37266184
37268156
37269541
37269571
37269843
37270393
37270395
37272546
37272553
37272705
37273116
37273119
37276478
37277735
37278615
37278948
37279080
37279841
37280377
37280390
37280534
37280535
37281537
37281847
37284487
37286420
37286423
37286480
37288538
37288543
37288544
37288547
37291790
37292358
37292360
37292686
37292779
37292941
37293234
37293344
37293404
37293565
37293625
37293675
37294810
37294814
37296516
37297131
37297134
37298159
37298690
37299159
37302888
37303459
37303570
37303711
37305320
37307029
37308994
37309068
37309402
37309503
37309945
37310962
37310998
37310999
37312136
37312137
37312576
37313659
37313914
37314505
37314856
37314860
37314877
37315223
37315788
37315789
37317097
37318263
37318343
37319032
37319077
37319082
37319631
37319662
37320319
37323789
37324160
37324233
37324238
37324294
37324364
37324751
37324801
37324911
37324913
37324918
37326942
37326964
37329197
37329728
37330561
37331163
37331682
37331685
37332335
37332340
37333728
37335108
37335379
37335385
37335819
37337397
37338670
37339853
37340418
37341173
37341586
37341595
37341605
37343676
37344100
37344301
37344642
37344967
37344969
37345128
37345362
37345404
37345488
37345492
37345942
37346358
37348046
37350198
37350527
37350990
37350995
37353363
37354277
37355248
37356708
37356916
37356998
37357943
37357984
37358106
37358196
37358217
37358298
37358938
37361044
37361052
37364158
37365627
37367457
37368566
37368971
37369041
37369233
37369813
37370148
37370151
37370458
37370459
37372353
37373234
37373240
37373364
37373465
37375928
37376533