36466006
36467511
36467735
36467745
36467752
36467757
36468340
36468344
36468419
36469428
36469527
36469530
36469788
36470464
36472872
36473496
36474360
36474487
36474738
36475647
36475648
36475980
36479490
36479831
36480172
36480687
36480943
36481345
36481994
36481999
36482154
36483387
36484790
36484942
36485004
36485308
36485734
36489141
36489390
36489560
36490516
36491140
36491231
36491233
36491234
36491282
36491293
36491300
36492012
36492893
36493970
36494202
36494381
36494667
36494760
36495066
36495547
36495677
36495707
36496161
36496813
36497673
36499008
36499220
36499441
36500292
36500294
36500302
36500303
36500353
36502093
36502124
36502357
36502741
36503960
