36466006
36467511
36467735
36467745
36467752
36467757
36468340
36468344
36468419
36472872
36473496
36474360
36474487
36474738
36475647
36475648
36475980
36479490
36469428
36469527
36469530
36469788
36470464
36479831
36480172
36480687
36480943
36481345
36481994
36481999
36482154
36483387
36484790
36484942
36485004
36485734
36489141
36489390
36485308
36490516
36491140
36491234
36491282
36491293
36491300
36492012
36492893
36493970
36494202
36494667
36494760
36495066
36495547
36495677
36495707
36496161
36496813
36497673
36499008
36499220
36499441
36500292
36500294
36500302
36500303
36500353
36502093
36502124
36502357
36502741
36503960
36504002
36504011
36504514
36504859
36506210
36507745
36509163
36509170
36509595
36510434
36512840
36513561
36513565
36513633
36514415
36515048
36516400
36517350
36517354
36517394
36517400
36517806
36520360
36520366
36521449
36522242
36522359
36522359
36522359
36522359
36522567
36523495
36523612
36524048
36524110
36524120
36524181
36524315
36526178
36527829
36528003
36528636
36529920
36530152
36530202
36533570
36533762
36533966
36533969
36534128
36534144
36534194
36534227
36534407
36534806
36534877
36535100
36535121
36538066
36538589
36538619
36538732
36538735
36539490
36540375
36542805
36542806
36543212
36543439
36543804
36544713
36545413
36545418
36545605
36545649
36545738
36547031
36549008
36549705
36550208
36550321
36550792
36550903
36550909
36551356
36552124
36552839
36555234
36555237
36555706
36556042
36556458
36557471
36558095
36558099
36558176
36559324
36559331
36559875
36560568
36560992
36562979
36563007
36564683
36565576
36565871
36565962
36566034
36566035
36566250
36566485
36567250
36570061
36570692
36571412
36572955
36572985
36575906
36576528
36577717
36577849
36578009
36578059
36578957
36579677
36579686
36581582
36582249
36583016
36583165
36585316
36586277
36586436
36587172
36589727
36590324
36591052
36591605
36591625
36591636
36592050
36592081
36592610
36592794
36592809
36592899
36592908
36595380
36596241
36596245
36596995
36597000
36597125
36597296
36597297
36597303
36598290